../../../.git/annex/objects/4k/f6/MD5E-s315--e62802748a3bcc196e1f2b854b898f5d.csv/MD5E-s315--e62802748a3bcc196e1f2b854b898f5d.csv